6.883937272190059076e-02
5.602416239985198443e-01
3.243537450218447193e-01
5.848447829111168977e-02
4.175517631427105303e-01
1.239023807567075641e-01
9.872933054100159200e-01
2.519612509135562006e-01
4.193340659262341508e-02
2.304127210724676300e-01
8.128857749990612280e-01
6.210078789622194145e-02
1.540195478206454194e-01
2.117166513048776011e-01
8.635066076855519857e-01
5.148282265251141743e-02
2.490627124570494733e-01
4.584875785217669142e-01
8.721957239096185255e-01
1.621044780415442366e-01
2.106486045220891945e-01
3.454002193711518814e-02
2.882705238518090129e-01
5.169235313706294077e-01
1.162629711705086416e-01
3.715151804920882039e-01
2.952958704905686571e-01
2.485324575056247973e-02
2.175873285120858217e-02
1.384153359172599074e-01
3.369385957066942799e-02
8.888053277546538455e-02
3.196613427152848741e-02
2.665703443298292896e-01
8.088768495802263203e-01
4.777425571715205876e-01
6.244027967651519240e-02
7.427454205485546357e-01
1.283801225900416398e-01
4.311938944833183796e-02
2.877462502924829080e-01
6.862624637447339859e-01
8.814429929952069531e-02
9.594477591390272730e-02
7.572640015444283002e-01
3.472130695899860314e-02
2.258390393794531548e-01
7.910966305587782688e-02
6.193535640963240829e-02
3.649412180473801670e-01
9.452745880556391311e-01
2.546063673622521728e-01
8.967044614478916209e-01
5.992444832232902696e-01
6.328756586138575280e-01
9.332731042839006452e-01
4.622048027975218520e-01
4.023340062650372917e-01
6.403028259088131557e-01
8.162532757289405749e-01
8.167173501458346863e-01
7.061522998874836254e-01
1.867620570345348840e-01
9.125370429465669009e-01
8.545579620364824880e-01
7.976761831496924637e-01
7.882652657760818027e-01
8.869606653396255869e-01
4.725732048558300424e-01
8.451869202898147915e-01
9.642785741984865044e-01
3.772555961944619729e-01
6.645312261205991167e-01
5.553966726827977984e-01
7.811332493201128546e-01
9.052159131313420870e-01
8.830093959024406525e-01
6.446565862441955286e-01
9.507066988048296086e-01
3.103460926138634224e-01
1.659922431925721920e-01
9.924846098399421335e-01
8.283642094570994319e-01
9.169060653881599965e-01
6.180552885921334338e-01
8.433156151845172532e-01
8.267252943901909346e-01
6.781729877784861138e-01
7.441550823592969488e-01
9.697712341815527548e-01
3.006864592199102182e-01
6.045700836567253766e-01
5.720228145250312313e-01
6.429795392108864638e-01
7.547487765921458980e-01
6.889427896822283293e-01
7.382742697227889783e-01
7.189431605869580633e-01
9.430509415648383742e-01
5.091865690887613649e-01
