1.848306893780246873e-01
1.192450720634078837e-01
1.189712929491869436e-01
1.211500653827106422e-01
9.467679615567088369e-01
9.174531328984786294e-01
3.078596142630970478e-01
9.128486165393003005e-03
2.257177104594696448e-01
1.869369193967628517e-01
1.696035565707875725e-01
1.180880901474079814e-01
8.282027591121142729e-01
9.060882433036192285e-02
8.550646715511773799e-01
3.836658433300575710e-02
2.879826077937048256e-01
1.517927009833690277e-01
2.689205888778688491e-01
6.145884920302772253e-02
1.429994316902478968e-01
2.214818521096815485e-01
1.207313504432916546e-01
4.368658930077164160e-02
2.179432525311116586e-01
2.188780971228493355e-01
3.747429602706332519e-01
9.524493890575763677e-02
9.641411146109157837e-02
1.135007819455975675e-01
4.103868992253469350e-01
5.778125545351306958e-01
6.733223636827422032e-02
1.820762115212606613e-01
7.256597699452756178e-02
2.904645814219330435e-01
3.636137762747836955e-01
2.802502511413162423e-01
1.026729874708123269e-01
1.749777607179145086e-02
2.265624627102294508e-01
6.747018088376040279e-02
2.002202322923614664e-01
3.132809662606833023e-01
8.817433075682991339e-02
2.200508297993053197e-01
2.528357819551932395e-01
3.614023538979877631e-02
1.414444893343298204e-01
1.551589317912080435e-01
9.328551289882009989e-01
7.366555390631300826e-01
7.835301566609517154e-01
8.623647513262210351e-01
5.896458689607460002e-01
8.485572502130924732e-01
9.129889411090920115e-01
6.715611693869901755e-01
6.505000945937832180e-01
9.569874909625065706e-01
8.985210274633923522e-01
4.193474059242889851e-01
9.779993334920199510e-01
6.778968996109351330e-01
5.147011927578293289e-01
9.799013148168052023e-01
9.536337851019002221e-01
8.127704321897623041e-01
9.030667569405493866e-01
4.248884043880207240e-01
6.252247593330083619e-01
4.761907478278686878e-01
3.454961967297781045e-01
9.851965884042054311e-01
2.578541695526712640e-01
8.494738723163921534e-01
8.250470913467057299e-01
7.255325389972316907e-01
8.268815094811074462e-02
7.655216678135738917e-01
7.584590954516288175e-01
8.919152259858218468e-01
8.956204013609361247e-01
9.635357530538806170e-01
7.657068368156235705e-01
9.554915251733808734e-01
9.957761445775151765e-01
4.074284287812931504e-01
9.813931154087276454e-01
8.999501103416948089e-01
7.374370200581816803e-01
4.914270057263273594e-01
5.685515870484452172e-01
8.607610299618257965e-01
2.179965721502827580e-01
9.490646173230831151e-01
8.922801692024195930e-01
6.728473112913665455e-01
8.266722101639302211e-01
9.794470916086714940e-01
