9.699784589524481859e+00
7.160277563006943957e+00
1.175741104352193034e+01
7.316538264984272288e+00
1.760974970391441019e+01
6.243239878908773299e+00
7.647616843855811197e+00
8.115119757707645931e+00
8.752748404497985746e+00
6.352698568001160950e+00
5.439259160822412120e+00
6.746190412368023637e+00
8.243566064849016328e+00
9.515563598235262432e+00
9.069802075808508945e+00
9.597044179740352732e+00
8.700033499924437308e+00
1.246835368664321919e+01
9.111133814463986624e+00
9.516560742231495951e+00
7.470363356352034856e+00
1.112803735058317400e+01
8.383163548253760311e+00
6.989133422858674116e+00
6.067279424374181218e+00
5.829651330509991070e+00
1.479422160274432407e+01
6.122499034915774629e+00
1.411136067404681071e+01
5.408067689084365526e+00
9.768926062523121345e+00
7.961800767806762380e+00
7.638124124275905480e+00
1.116034433541890358e+01
1.040671789001654801e+01
1.257736615396355973e+01
8.412964859008313923e+00
6.821182376657189295e+00
1.024060535635444324e+01
5.735223888413125692e+00
4.689145927000031300e+00
1.254243288632049591e+01
6.622671493640269524e+00
8.745521158710630516e+00
1.508984939945610826e+01
1.030699281824277769e+01
1.007614985103237792e+01
7.439131580594524173e+00
8.166153232863862854e+00
1.191364022276779977e+01
7.634824484678123468e+00
9.093911333202568059e+00
9.998195526005440925e+00
6.385862595707870959e+00
1.352175704193513006e+01
7.666349946426760376e+00
6.857419486954259291e+00
1.022101943769843224e+01
9.576482446160209605e+00
9.912084395593179664e+00
7.277469789275063050e+00
7.945670713558999232e+00
1.395843175940606606e+01
6.581284093510020305e+00
1.623771253429704942e+01
6.479142842166359273e+00
8.435351357439500930e+00
5.680603809161060447e+00
1.308621058686878413e+01
8.394466707788936333e+00
5.729240456933418102e+00
1.417380108539179417e+01
7.921781641212085390e+00
1.042816939206980464e+01
1.309047047527472785e+01
1.371266682814858839e+01
5.910814395825333634e+00
1.220294394137807181e+01
7.028541883529833001e+00
7.017100793976853268e+00
1.089318287456390877e+01
1.105911932639990169e+01
1.493088926510220205e+01
4.910412989026277764e+00
4.903361458005228712e+00
7.909430773652140978e+00
1.986332168376337037e+01
4.036803328667659230e+00
1.574467728871451833e+01
9.183652603075481480e+00
6.070263175587998994e+00
7.016485537451313093e+00
7.701839800719307405e+00
5.919155395187571500e+00
1.500205327193694238e+01
7.357105337772498643e+00
9.161456802959593304e+00
9.063326541820888593e+00
8.827909263625583591e+00
1.539499053163915043e+01
9.939486040398797684e+00
1.771413298965418903e+01
1.105537702539885103e+01
1.215385324173071879e+01
9.245574553819020380e+00
4.308652463502641083e+00
8.839973581614117393e+00
6.845684075132518309e+00
8.594431585555511788e+00
1.027074346559866136e+01
7.998661077078962123e+00
1.007679350962589204e+01
6.302904422538825990e+00
9.912334281391283142e+00
1.330084943674744480e+01
1.760752272289207454e+01
1.372433969351514271e+01
1.204812850030048921e+01
7.761151037331602609e+00
9.857799319843381980e+00
9.153047979389032918e+00
1.106103212610438646e+01
6.018179395890942196e+00
8.904707858547975974e+00
6.143484129201763899e+00
1.290412798726568866e+01
1.239960556976783934e+01
1.365953549356277108e+01
9.134439110497538650e+00
7.484667844298818373e+00
5.134092991499233705e+00
6.233577239905059741e+00
6.011682103000014266e+00
1.483439934666896498e+01
9.506155973286844585e+00
1.275499098844823109e+01
1.680360685220987449e+01
7.101998375371044503e+00
1.025660134075022434e+01
1.213351637456577059e+01
1.348114371132563960e+01
1.039468382255471113e+01
1.453075131703288747e+01
1.052554774519199299e+01
1.769578472202204722e+01
9.421154801215649854e+00
1.531007915141717568e+01
1.213298098838811434e+01
5.416105673433403211e+00
8.871965392177243004e+00
8.416341383710046031e+00
9.025823080117440611e+00
1.506985187369727264e+01
1.249694348193637161e+01
1.201315573817156412e+01
6.843831745696697055e+00
7.606008623377097599e+00
7.979680009916022776e+00
4.942279354338018571e+00
5.307533227932192510e+00
4.711920175862037929e+00
9.163840996902209213e+00
9.051534925525947628e+00
8.141239467689926457e+00
7.420818242156298261e+00
1.147941491822028937e+01
1.475439097010402634e+01
7.802393624762869351e+00
1.118322389304536735e+01
1.078783230887743017e+01
1.537411746258499967e+01
1.001691805139099323e+01
5.331120355180551051e+00
1.149805985217246729e+01
1.585386919079596524e+01
5.948194655576702239e+00
1.659851856566303496e+01
1.283575511495488897e+01
6.146074119969076932e+00
9.223674059204181930e+00
1.491887799912997714e+01
1.398036098159526830e+01
1.026575711158337789e+01
6.654929296477829936e+00
9.984439529481123898e+00
8.798234653964664531e+00
9.074405422983375047e+00
8.457261680236898727e+00
7.898840742865057329e+00
5.374481010127260205e+00
1.030042338302662586e+01
1.367531960790774193e+01
6.885164161511654335e+00
5.891279968894973962e+00
6.601986584606703623e+00
6.956403051561121487e+00
1.234391164069005598e+01
1.143416503401010154e+01
1.137502671718208092e+01
1.283635770893598682e+01
5.647272883410347610e+00
4.334517958295947437e+00
5.717708300967282220e+00
8.874432607379297622e+00
9.028032673311276568e+00
6.829530196257436181e+00
9.974425946536598531e+00
7.051622792180120669e+00
7.625337828210419389e+00
6.807865771809503919e+00
1.034727056965151171e+01
5.828817441142340350e+00
6.850237961469825443e+00
7.776249725132492685e+00
4.990855787232568730e+00
8.995289961310900750e+00
4.974326983489037346e+00
8.448700403046762730e+00
5.231716494850661370e+00
6.649571825741848130e+00
9.244254979103432746e+00
1.418169130775225284e+01
1.225030317223414045e+01
8.444108230066316167e+00
7.542011492126319716e+00
1.109094728501995597e+01
1.149032937224166950e+01
8.287337430413776573e+00
6.308796091089086566e+00
1.095917115942267550e+01
8.715080898401243559e+00
6.480564434631811643e+00
1.121318940975310596e+01
1.188262220949487435e+01
5.689952713889492308e+00
8.548622407463055239e+00
6.027750947565766459e+00
1.101516426956660233e+01
1.009488438504328833e+01
1.890568339092003924e+01
9.387208545024275708e+00
6.425052794092083630e+00
9.817639012836158585e+00
8.854926479001040462e+00
1.087512493627632892e+01
1.111004706826056321e+01
9.037222862683783831e+00
6.753922439124869115e+00
1.191425103017147968e+01
9.627541645221343813e+00
